__utma=100903879.295450337.1484212827.1484212827.1484212827.1; expires=Sat, 12-Jan-2019 09:33:58 GMT; domain=.wps.docer.wps.com; path=/
__utmb=100903879.7.9.1484212939141; expires=Thu, 12-Jan-2017 10:03:58 GMT; domain=.wps.docer.wps.com; path=/
__utmz=100903879.1484212827.1.1.utmcsr=(direct)|utmccn=(direct)|utmcmd=(none); expires=Thu, 13-Jul-2017 21:33:58 GMT; domain=.wps.docer.wps.com; path=/
